38421
-14620
84512
-71706
16052
-32845
-66152
43350
-31140
19392
-28359
-13612
-58193
26911
-95862
-62419
-38721
58515
-43455
25599
29566
-84223
91672
-85502
-39865
-73057
-91205
16217
77004
13796
-72675
15424
26265
-88164
43718
-57683
-93919
77566
12756
-25059
-75953
11486
-11582
92944
-61603
-7443
57614
-73235
78161
-85842
52364
7726
57025
-28876
-50687
-82840
-74843
-41892
-39534
-97840
-1006
-12209
17584
-74742
-73284
88391
-32425
-67203
-6955
7420
-65173
-55819
-81094
-49665
-62876
84393
-30019
94739
-88843
-51859
35986
-9390
55867
-6989
-11176
32269
-62740
13981
17467
-2274
16141
-83540
12606
60814
68808
39322
-23707
63473
-791
-3573
-29108
-38875
40609
-10202
11460
4822
-25810
81441
-73351
-87564
-70419
-10275
3047
12537
82736
91871
71896
47085
-67060
-10638
-55190
-23830
-67089
-15495
64073
-98282
-76174
-59635
65191
-49876
-36119
63173
-61661
31579
-47030
49799
-63599
-45750
-41671
90140
93776
-85001
-20136
-76089
27537
89689
42871
-568
36773
75811
15883
8672
-48020
48794
93177
43142
-22399
44093
83507
69882
94217
74478
33054
-67445
6056
13113
9444
42457
-5548
67773
-40314
-11772
82772
39550
12139
-62603
29239
-44990
-36082
-33989
57910
79801
74684
-90110
-44317
67860
53032
-39626
-60959
-36372
-69745
-66742
65195
63309
92903
-28750
-96490
-70565
40797
-2037
97208
-99518
86191
7069
40032
-74582
-28445
96360
-92483
35474
-37629
65428
-57637
64144
2407
-1953
-40908
82528
58421
-1866
73245
15765
-41519
38439
-20927
78473
-90311
-17417
-92092
50486
7635
-94885
-21943
-79086
-60727
-81912
-53667
10829
41538
-46150
-53698
30998
46367
-84246
-4859
-51227
-59110
-18678
-68699
99311
6545
-95455
-57836
65026
42985
21237
43499
-20237
30910
51407
57338
65634
-16389
-64606
86549
-50026
80572
-67119
60803
22109
-86180
34194
-46894
60188
49948
-24664
-91040
90839
56659
67351
17238
-36797
71897
59403
55319
-58030
-92272
-74094
21733
-34273
4402
-93841
-68639
88013
-58447
-82091
-62014
-77876
77880
25878
-28677
91700
87161
24429
-21024
37109
99766
-12063
-44964
-16487
82377
-637
-26195
54273
-41235
-70877
23332
93584
-44971
72154
-40690
59431
78313
-82240
-25467
46955
62759
-60392
69080
40638
65487
67492
-40573
52647
-8080
38403
-83156
-81226
53429
98970
-70624
35806
-1667
3182
-82833
57098
32305
-32411
-22230
14424
-60258
37081
-26146
-81945
-18070
-24524
65010
-55311
15085
-38822
12416
-92340
-71331
71843
-12604
-52321
-62665
4241
93543
90764
-69701
-77081
-46342
28632
26101
97916
-14270
85495
-34496
-9411
-82
5246
-72331
862
-49610
-63311
3427
42490
-18622
-81489
-96333
93794
53261
59427
-7274
-59343
34195
30061
-28013
-45174
20824
2286
-22255
1572
58008
30935
-513
-56263
-56481
64991
34326
-29474
-29764
-10915
-1523
-52284
-47137
-98096
90206
34241
47505
20962
-44877
-72145
-92523
-25062
-31488
41672
-95002
-32412
23588
-47088
-3037
28422
54484
-45030
-40643
-46030
-74204
-70035
46050
-12788
491
43375
3386
98969
91091
56249
27962
81296
-82422
-97445
2258
99791
-69590
9735
-25271
-73989
78497
-20273
-6401
2084
32639
17652
-69495
-85789
-289
-83049
95271
-47403
-53084
41320
39809
-25503
-15305
-56806
-99446
-24215
26532
-44395
-42919
44110
-41840
-13572
-29011
-11429
96163
45718
14582
74659
-74555
35271
-96169
-14827
-47078
-65663
-73526
-20278
78378
-78256
32319
52384
63065
-27873
53970
74849
-57590
54524
77723
-3969
-89872
-65197
67230
-31712
-51680
-61781
-16052
-55517
83937
98531
46231
36471
33801
50063
48734
13812
11489
75208
93534
-10134
96952
25853
69339
-12895
25069
23308
89043
-5431
-95080
66766
90600
-84952
28658
-15081
-89574
76979
23138
-78537
-78539
-65837
-80007
-5219
70635
53794
-55157
-53543
94695
-16579
-78336
88229
73288
45705
-58830
-30285
59900
-6672
93024
48942
87897
97944
15707
5586
40082
71455
90505
-22403
48433
-59269
-940
-3017
-25106
19054
91764
72618
99937
63697
-80926
94632
-52883
-59262
9949
47494
13533
-21792
44299
-26568
71536
37322
-77627
-13478
-37646
-34830
92108
-97565
-63376
9701
-19968
12146
-22479
6182
36218
52415
-74765
27981
25033
52261
-81234
44107
-26019
92974
11935
83930
-32444
-74533
-37863
-88146
-74012
60763
49176
75451
-52716
-88470
-59380
66481
41055
-95667
-96730
-78913
-56432
-19209
-45642
79786
-66795
-20407
7767
-14673
58943
-46378
56524
-67076
-53405
95548
-83147
14152
48104
-93920
-46905
74092
-6068
-97729
49542
41216
40891
17252
7696
-18055
21585
-61945
-69879
65154
18846
-15521
44939
-20860
-8839
79795
-8443
-49896
60507
-51920
-16972
-92899
70717
-73030
-51658
18820
60140
1438
-7089
-45929
-69202
69542
22376
-1222
-13207
57161
80723
-91622
95216
37934
621
-58850
49502
72649
20291
-59337
-20467
38937
-82144
-59961
87017
-72027
74230
-15178
82033
-77428
-96359
42173
-48901
-76359
23333
-91014
93183
-54291
7764
-20024
29959
-84425
-84557
25175
53509
-56847
66325
3011
-84199
-86296
-29237
-4666
52641
-11381
-37538
-33254
-56319
-63308
51568
-74287
86354
55209
-5025
64542
5939
-81692
73528
-878
91107
-18709
6187
21065
-76045
-51281
-53761
4554
-8128
39654
-92436
-65238
53358
-94584
30097
5999
-78876
19648
72745
-35195
56340
-48598
-82393
42693
33700
12583
7234
-60361
-42020
-92150
38761
-50914
-83770
72037
-2760
-59814
-79245
-29431
44740
12627
-89778
-20607
47389
-9331
-15191
-95426
96668
-66978
24223
-3498
-75084
-92349
-25007
-57477
50345
-91308
55106
84668
-51669
-86915
92519
14181
89261
-91252
-13783
-13499
-51066
6972
57070
20763
46688
-5619
-99845
-78834
85050
-87947
52830
8807
-54925
-95859
32398
97081
-88207
-92610
-60396
-10773
-83918
21799
-26106
-35586
-38026
93502
78595
78324
29340
91902
-35176
78274
-74038
48983
-73874
-260
-56637
-73719
20906
55503
65425
-99176
-35691
-89501
-95034
23796
34670
43849
31186
1363
-66925
47268
50251
-65942
38771
-87776
-72440
-55545
17638
56900
63446
9551
-37738
89408
-41466
-11612
-10853
-71014
-58241
37142
84489
-92817
37967
75887
44772
42933
-318
-20559
-13219
57957
80804
-53055
-67686
31055
-18997
71085
-29632
-64348
42629
88006
19641
6074
-2443
81904
-77429
-16820
97381
-61193
-60745
66229
75950
50834
73412
13916
26720
18184
83938
53492
24714
97808
-61463
-67393
71842
-29149
-9249
-47156
69026
-11792
-84414
11654
-23786
35227
44818
860
-55781
-5522
11129
68690
33285
50384
34918
9234
1217
8330
50239
55027
53603
-38735
-64393
-21684
-40928
-25856
-61988
-69087
44996
28763
-89153
14021
-83029
-73567
52764
-79726
-11251
-75330
-51777
32969
19148
59352
1658
-47567
9735
63665
-11244
38042
-28006
66085
-6932
52686
-72651
28675
58092
-86489
-97182
96104
71514
-25097
-48044
9450
16013
-31073
